10 6
10 7
11 6
12 3
12 4
12 5
12 6
12 7
15 9
15 10
15 11
15 12
16 9
16 12
16 13
17 9
17 13
18 9
18 10
18 11
18 12
18 13
20 3
20 4
20 5
20 6
20 7
21 3
21 7
22 3
22 7
23 3
23 4
23 5
23 6
23 7
26 3
26 4
26 5
26 6
26 7
26 8
26 9
26 10
26 11
27 3
27 6
27 7
28 3
28 7
29 3
29 6
29 7
30 3
30 4
30 5
30 6
34 11
35 11
36 3
36 4
36 5
36 6
36 7
36 8
36 9
36 10
36 11
36 12
36 13
37 11
40 3
40 4
40 5
41 5
41 6
41 7
42 7
42 8
43 8
44 3
44 4
44 5
44 6
44 7
44 8
47 4
47 5
47 6
47 7
47 8
48 4
48 8
49 4
49 5
49 7
49 8
50 5
50 6
50 7
52 9
53 9
54 8
54 9
54 10
55 4
55 5
55 6
55 7
55 8
60 9
61 7
61 9
62 7
62 9
63 7
63 9
64 4
64 7
64 8
64 9
65 4
65 5
65 6
65 7
65 8
71 4
72 4
72 5
73 5
73 6
73 10
74 6
74 8
74 9
74 10
75 3
75 4
75 5
75 6
75 7
75 8
76 6
76 7
76 8
76 9
76 10
76 11
76 12
79 8
79 9
79 10
79 11
79 12
80 8
80 12
81 8
81 11
81 12
82 8
82 9
82 10
82 11
84 3
84 4
84 5
85 3
85 5
85 6
86 3
86 6
87 3
87 4
87 5
87 6
90 3
91 3
92 3
93 3
94 3
94 4
94 5
94 6
94 7
94 8
94 9
94 10
94 11
94 12
94 13
